3.27515   2.95759
-3.34447   2.60351
0.355083  -3.37659
1.85243   3.54735
 -2.07897   2.55201
-0.993756 -0.884433
  2.68225   4.00757
 -3.08778   2.87871
 -1.56598  -1.25698
  2.44161  0.444826
-0.659487   3.11128
-0.459601  -2.61801
  2.17768   2.38779
 -2.92097   2.91748
-0.028814  -4.16808
  3.62575   2.11904
 -3.91236   1.32511
-0.551694  -2.81422
  2.85581    3.4833
 -3.59445   2.85665
 0.421993  -2.37265
  1.65082   3.40757
  -2.0829   3.38441
-0.718809  -2.49251
  4.51362   3.84103
 -4.82201   4.60705
-0.656297  -1.44987
   1.9199   4.43937
 -3.28775   3.91884
 -1.57694  -2.97762
  3.59814   1.97597
 -3.97733   4.90093
 -1.79108  -2.18452
  3.91465    3.5593
 -1.91011   4.16695
  -1.2266  -3.31789
  1.14895   3.34514
 -2.11386   3.54817
 0.845762  -3.58979
  2.62906   3.53583
 -1.64072   2.99052
 -1.88101   -2.4854
    4.607   3.51031
 -4.36646   4.02332
 0.765015  -3.00127
   3.1219   2.17399
 -4.02514   4.65231
-0.559558  -3.84054
  4.37675   4.86358
 -1.87431   4.03224
-0.089337  -3.02681
  3.99779   2.51866
 -3.08298   2.88482
 0.845235  -3.45446
  1.32722   3.35878
 -2.88995   3.59618
-0.966018  -2.83983
  2.96077   3.07956
 -3.27552   1.57707
 0.639276  -3.41284